000001011 0
111110100 1
111111111 2
000000000 0
110011001 1
000001100 0
010010000 0
111111000 1
100100011 1
011011100 1
000000110 0
111111001 2
000000001 0
111111110 2
001100110 1
110011001 1
001111110 1
010000111 1
010111011 1
001010100 0
111100001 1
000011110 1
000111101 1
111000110 1
000000011 0
111111110 2
000101011 1
111111100 2
111111111 2
000000000 0
110011110 1
001100000 0
011110101 1
010111000 1
011111011 2
011111011 2
001011101 1
100111000 1
110000111 1
111110110 2
101111110 2
010110011 1
010011010 1
011001011 1
001111000 1
110101000 1
000110110 1
010111101 1
001111000 1
111111001 2
010000000 0
110010010 1
110011011 1
011101100 1
111011101 2
011101110 1
110110100 1
000100010 0
111011111 2
001111100 1
001111100 1
010000001 0
001100000 0
