1111110100 1
0000001011 1
1111111111 2
0000000000 0
1011110000 1
0111000001 0
1101001110 1
1111111011 2
1101100111 2
0010011000 0
1111110010 1
0000001101 1
1111110001 1
0000001110 1
1001110110 2
0110001001 0
1111110010 1
0100010101 1
1011010110 1
0101000100 0
1111000000 0
0000111111 2
1000011100 1
0111100010 0
1111110001 1
0000000110 1
1111111000 1
0000001110 1
1111100001 1
0000010010 1
1100111111 2
0001000000 0
0010100101 1
1101010101 1
0111110011 1
0111110011 1
1011000111 1
0000111100 1
0000101001 1
1111111010 1
0111010010 0
1000001100 1
0110010100 0
0100110101 1
1111111011 2
0011110100 1
0100101010 1
1111100011 1
0000101110 1
0111000101 0
0000101010 1
0101100101 1
1110101111 1
0111101110 1
0100110111 1
0110000010 0
1011111001 2
1111000101 1
0110100001 0
0001000111 1
1111101011 1
1101011011 2
1010010001 1
