000000101 0
111111010 2
111111111 2
000000000 0
100000111 1
000111011 1
110100010 1
101001001 1
100100111 0
011011000 1
111111100 1
000000011 1
111111100 1
000000011 1
100011001 1
011100110 0
100100011 1
110101010 1
110101010 1
010010100 0
111000000 1
000111111 1
110000111 1
001111001 1
111111100 1
000000001 0
111111100 1
000000011 1
111100000 1
000011111 1
100110101 0
010101011 1
111011011 2
111011011 2
111111111 2
111111111 2
011011111 2
111011000 2
001011011 2
100011011 2
110111011 2
111101011 2
111000011 2
111010111 2
111011101 2
011011010 2
101011001 2
110011111 2
011001011 2
110011010 2
000111100 0
110100100 0
000100100 0
001000100 0
000010100 0
000100100 0
000100100 0
000100110 0
000100100 0
100100100 0
000100101 0
000110100 0
000000100 0
