11111010 2
00000101 0
11111111 2
00000000 0
11011000 1
11100010 1
10000000 0
01001011 1
01101110 1
10010001 1
11111001 2
00000110 0
00000111 1
11111000 1
11100110 1
00011001 1
11100000 1
11010101 1
10101010 1
10010100 1
00011111 1
11100000 1
11111001 2
00000110 0
11111111 2
00000000 0
10100011 1
01010101 1
10011111 2
01100000 0
10101010 1
01100101 1
00011111 1
10001001 1
01110100 1
01110100 1
11010001 1
00101010 1
11111100 2
11111001 2
00111111 2
01011001 1
01111001 1
01100011 1
01110100 1
11110001 1
10100010 1
00010011 1
00111010 1
01101101 1
10111100 1
00001011 1
00001011 1
10100010 1
10011100 1
11010110 1
10101110 1
01001010 1
11011000 1
00000010 0
00100101 1
00011011 1
11101001 1
