0000010110 0
1111101001 2
1111111111 2
0000000000 0
0001011001 1
0110100110 1
1010101011 1
1111111111 2
0100110000 1
1011001111 1
1111110011 1
0000001100 1
0000001110 0
1111110001 2
0110011010 1
1001100101 1
0110001011 0
0110100100 1
1011011011 1
0101010111 1
0011111110 2
1100000001 0
0111100010 1
1000011001 1
0000011110 1
1111110001 2
0000000110 0
1111110001 2
0011111110 2
1100000001 0
0010000010 0
1100111101 2
1101011110 2
1101001101 1
0000111000 1
0000111000 1
1010011100 2
0101110100 2
1011100111 1
0011010100 1
1111010001 1
0011001001 1
1111101001 2
0011001110 1
1100111011 1
0001101011 0
0110001111 1
1010101111 1
0000111001 1
0110000101 1
1100111010 1
1110010011 1
0010001000 1
0001010010 0
0000100111 0
1100001011 0
1001011110 1
0101010110 1
0100110000 1
1111001001 1
0100001001 0
0111101101 2
0010010100 1
