11111101010 1
00000010101 1
11111111111 2
00000000000 0
01000001000 0
00111110100 1
11111111011 1
11101111110 1
10110111010 2
01001000101 0
00000011010 1
11111100101 1
11111111000 1
00000000111 1
11001100101 1
00110011010 1
10000011010 1
10111110110 1
01011011001 1
00101010110 1
11000111101 2
00111000010 0
11100011101 2
00011100011 1
11111111010 1
00000000010 0
11111111000 1
00000001101 1
11100111101 2
00011011010 1
10111010110 1
01010101100 1
11010111110 1
11100000011 1
00101001000 1
00101001000 1
00000001001 1
00000101010 1
01101100110 0
11000011110 1
01000100010 0
11001011100 1
10100011010 1
11110110001 2
00001011011 1
11111011101 2
01101111011 1
11100000000 1
00110110010 1
10010010001 1
01000110010 0
01100000101 1
11000100001 1
00101110111 1
00111000011 1
01111001111 1
01100001101 1
11101000101 1
11111101010 1
00100101111 1
01110111011 1
01110000010 0
01011100001 1
