1111101001101 2
0000010110010 0
1111111111111 2
0000000000000 0
1111010111111 2
1101010111111 1
1101010101001 2
1011011111111 2
1101100000111 1
0010011111000 1
0000011010110 1
1111100101001 1
0000000110111 0
1111111001000 2
0111001001111 1
1000110110000 1
0000111001101 1
0000110100110 1
1101010111001 1
0100100101001 1
0111111111110 2
1000000000001 0
0011110010111 0
1100001101000 2
0000001110111 0
1111111001000 2
0001000110111 0
1111110001110 2
0111111111111 1
1000000000000 1
0110000000001 1
1001111101011 1
0010000000001 0
1000011010000 1
1000100001001 0
1000100001001 0
0110011101001 2
1000001011010 1
1010010100011 1
0100110011001 0
1111001010101 1
0101101100100 1
0100110111010 1
1101101011101 1
0001000000001 0
0101000100110 1
0110111010001 1
0010010010011 0
0110001101111 1
1000100001110 1
1101000100000 1
1111110100110 2
0001011100001 1
0110101001011 1
1011101011101 1
1101100101000 1
0101000110100 1
0010011010111 1
1011011100111 2
0111111100110 2
0001010111010 1
0111010000100 2
1110110001111 1
